                
                
                
      888888    
                
    888888      
                
8888888888888888
//end
                
                
                
      888888    
                
    888888      
                
8888888888888888
//end
                
                
                
      888888    
                
    888888      
                
8888888888888888
//end
                
                
                
      888888    
                
    888888      
                
8888888888888888