







												  2                                                                                                             





			0					  1                                                                                                                         



						1                                                                                                                                       

			                                                                                                                                                   
		  1                                                                                                                                                     








							 3                                                                                                                                  











					   6                                                                                                                                        




					                            4

					                            